80
83 43 158 99
490 34 875 708
169 694 218 913
456 98 478 177
392 542 737 947
192 671 219 813
34 403 221 524
565 303 785 794
150 101 714 155
431 60 829 749
46 140 295 231
184 8 252 450
48 925 944 931
530 465 772 545
338 192 876 253
7 241 47 757
480 163 890 274
63 114 299 295
321 244 958 593
234 647 707 941
708 9 785 272
318 559 947 969
320 213 392 266
176 102 203 363
572 624 752 780
34 250 241 931
70 292 211 696
403 74 421 380
291 61 369 104
109 68 111 94
441 22 711 141
152 851 904 930
273 664 593 721
267 11 506 109
115 604 411 719
274 496 903 549
819 102 838 306
7 37 371 39
286 98 472 372
144 162 414 265
75 131 943 291
115 16 201 685
32 141 386 454
322 96 821 481
512 109 780 997
386 108 830 191
601 404 752 553
151 588 178 964
27 136 215 369
155 265 233 762
42 596 486 835
440 483 995 534
14 326 187 401
403 59 476 60
2 211 513 571
699 42 716 97
39 393 140 670
386 4 702 178
840 469 890 644
245 55 965 85
92 592 591 764
315 227 483 313
76 36 294 891
6 416 7 773
602 9 675 706
83 134 97 707
304 207 460 774
734 4 872 260
128 17 214 110
211 81 294 604
4 515 88 568
209 358 420 408
63 320 556 592
862 465 888 886
82 80 167 130
126 905 982 981
150 408 462 653
140 556 724 945
136 21 387 723
268 34 288 85
