40 616
37 7
37 30
12 2
39 27
12 27
1 35
14 14
28 6
10 40
4 18
27 21
12 8
9 22
27 24
21 37
38 31
3 39
20 7
32 4
17 20
6 29
32 8
28 12
4 18
13 3
18 38
14 33
14 17
40 18
31 21
4 9
16 4
29 37
31 36
23 3
27 6
16 38
35 9
29 12
37 19
8 18
16 27
38 6
40 38
28 12
3 37
14 26
20 38
38 6
5 9
5 23
27 6
13 29
25 9
19 35
38 20
32 37
20 37
22 34
39 33
9 3
28 34
16 22
6 17
8 26
21 7
36 6
8 13
33 40
24 29
1 2
30 15
16 3
13 7
25 6
10 37
26 22
27 30
3 20
40 33
39 9
38 26
16 16
2 31
38 31
40 6
18 38
20 15
17 1
11 26
35 7
10 5
34 36
14 14
19 37
39 39
5 16
39 5
27 18
40 15
40 33
40 32
10 24
40 9
23 1
13 11
13 13
29 21
12 37
21 5
11 21
35 16
39 38
30 27
9 13
39 7
33 4
39 37
19 38
23 30
14 23
17 21
3 31
9 23
11 39
14 20
30 5
2 38
6 28
36 39
12 7
16 12
29 16
20 33
32 14
10 25
8 20
30 10
17 19
15 7
2 16
8 32
15 36
4 35
21 40
39 28
1 8
34 15
14 12
21 15
5 33
15 6
16 38
12 14
40 33
36 39
28 9
34 19
32 24
24 36
9 25
30 37
16 30
11 36
39 14
34 10
28 12
37 23
10 5
18 35
29 8
16 26
28 1
11 24
6 25
36 19
27 21
24 13
15 24
2 6
36 38
18 4
16 16
27 25
23 15
38 36
26 7
34 19
29 5
35 2
2 5
8 11
14 21
20 23
22 5
31 40
24 2
11 1
5 11
33 36
36 3
8 21
25 4
9 6
34 21
40 37
40 4
26 7
31 38
17 13
11 4
16 12
13 18
14 36
13 19
36 13
11 33
30 25
23 32
12 37
30 1
34 10
11 21
34 3
39 32
6 12
31 13
12 23
22 37
16 15
11 1
21 31
7 32
23 33
30 24
2 12
35 6
6 14
13 21
23 16
10 2
26 6
13 22
3 26
7 9
9 15
3 3
34 13
19 29
4 19
17 19
10 12
14 29
29 3
35 22
32 10
27 3
28 13
33 22
19 33
2 6
23 12
7 23
26 17
27 33
33 7
19 10
2 19
40 20
37 21
22 13
27 29
28 18
3 22
38 29
20 7
35 11
27 20
26 14
20 22
9 11
7 3
15 18
11 9
6 26
14 37
34 9
32 18
9 38
6 27
39 25
4 15
28 38
34 24
24 14
39 9
8 8
21 39
8 3
34 35
34 31
21 16
18 10
13 22
13 5
36 14
37 25
18 11
24 31
36 4
11 14
10 2
35 18
1 16
26 4
31 3
30 40
27 40
1 38
26 10
34 24
37 27
22 12
30 8
3 5
15 27
38 12
37 15
21 13
11 1
22 36
25 36
38 29
7 8
34 29
38 27
4 4
22 38
35 10
14 31
40 6
28 39
21 17
5 40
2 34
1 28
1 33
23 10
30 38
30 19
31 13
39 27
14 25
7 32
24 9
10 28
17 10
24 28
2 3
11 3
4 8
3 28
20 11
8 39
23 33
9 5
20 22
13 5
3 23
7 21
7 32
24 18
33 15
11 5
32 1
29 33
22 12
31 21
36 25
11 23
5 29
38 8
4 7
15 12
21 3
21 9
4 22
39 28
12 37
4 28
35 34
2 22
11 23
13 34
34 2
30 3
28 17
4 31
10 22
11 27
16 13
16 13
9 19
39 28
13 35
1 38
29 20
33 4
14 16
19 4
19 13
26 32
29 36
11 13
25 26
33 37
6 35
39 21
18 13
6 14
29 40
3 11
11 40
25 39
19 5
1 1
25 32
5 33
28 38
24 5
4 27
31 21
12 38
34 20
9 27
28 22
10 34
15 25
11 12
10 9
20 21
38 17
23 19
5 40
4 4
13 19
13 40
29 30
35 36
30 13
10 21
6 5
28 8
21 33
37 15
25 14
20 24
7 9
16 12
18 8
16 15
6 8
24 31
10 12
6 35
35 27
16 33
22 7
16 27
11 7
18 16
39 17
30 28
38 36
7 28
35 20
11 4
11 33
24 7
29 32
26 36
40 25
37 14
24 30
17 32
34 6
38 30
34 36
21 32
8 4
39 40
23 24
24 28
28 40
16 9
4 31
40 28
13 26
5 11
5 7
9 14
31 24
35 16
25 10
21 4
4 13
19 32
37 38
18 5
39 25
27 17
38 18
12 3
31 9
3 7
28 11
20 38
10 9
12 29
11 24
32 31
26 25
39 19
28 33
12 31
28 13
12 32
12 38
16 8
6 25
24 34
35 6
35 29
1 28
21 36
32 22
25 14
9 11
12 40
11 5
8 23
33 33
21 29
35 13
1 2
2 13
2 26
33 35
28 2
13 28
15 12
13 18
35 26
14 39
7 13
32 4
35 6
28 23
2 6
10 18
32 24
40 23
34 39
14 29
8 21
11 3
40 12
35 5
10 26
35 39
25 26
4 33
39 9
23 34
22 3
20 40
24 33
16 28
12 30
24 15
2 5
11 21
8 11
39 18
15 12
5 23
15 30
4 32
31 9
6 30
4 26
32 2
14 28
10 6
10 32
14 3
22 9
35 4
12 8
18 30
31 7
19 25
18 16
16 35
29 36
10 4
31 34
27 27
11 31
11 23
8 27
8 29
14 23
36 29
14 34
34 25
-- 2


5 6
2 3
3 4
4 5
2 4
3 2
1 2
2 3


4 3
1 2
2 1
3 4
-1






4 5
1 2
2 3
3 4
1 3
1 4






