156404
178929
114544
137032
172787
54386
162190
191742
13939
187806
17826
138585
144263
43348
137939
64485
185492
31454
110574
182837
179752
5529
41307
64848
1
95517
121728
179272
4226
166047
177945
132036
112843
1
71673
56036
184937
109076
153595
185324
1
50876
92032
158774
168678
32829
180334
154962
108604
139742
131845
66480
160748
199169
120106
146766
61209
133146
145816
187661
48897
158286
1
98752
158147
190560
74173
11517
147047
8527
7968
89307
162491
48706
189512
50378
20732
148690
18810
63243
182826
9280
25315
30070
27897
1
1
166591
4081
1286
168406
58078
50449
148841
46383
83326
69888
122010
56538
93127
151431
125642
198683
14684
92356
91957
126032
162207
36467
115957
26226
56607
72495
17002
182431
148734
1
169617
157677
93981
123865
8856
80072
1
188648
176654
117618
40341
81106
193913
28727
10670
67441
140148
100160
122316
89545
197118
109480
45114
20618
150409
162211
100109
145183
1
190741
111765
94941
113044
158978
1
178206
77689
99900
55124
196882
156985
36191
106592
131198
69227
19150
114390
182057
1
138490
50438
73671
37496
100511
165976
21894
171750
37928
198217
1
101168
185475
31053
195894
1
1
16454
55677
194916
84323
1
128226
175370
167751
6807
183347
24877
39676
161157
104417
44598
41529
47884
1
147831
85945
17042
102602
6457
1
21973
176892
119742
195749
120270
38917
149651
144606
157440
168264
142277
89139
93813
63867
41184
67088
100450
187517
156841
105436
78442
106066
86676
173026
109035
90175
1
25316
1
56390
48172
35385
6935
137160
36718
32816
59513
141330
44350
36334
66106
162528
112068
155950
164650
86607
155211
39512
14009
170493
69860
146705
49544
138984
1
2297
155953
199766
132929
114170
151737
19399
129595
188408
149289
53898
180301
86775
197859
192441
68916
2381
100946
81830
37909
76974
78195
135328
157504
138306
98489
153969
1
54879
13545
1
113428
83348
107048
145328
117646
1
1
28665
196400
42016
163848
175561
184020
164903
182527
138824
142535
144914
69549
34825
153756
108209
159911
170130
68179
52005
97842
540
71829
34978
113984
172439
149560
188778
143
160903
63645
181966
179102
162233
98120
1
2745
1
59144
66263
69021
2241
65329
131184
99156
67573
178448
12048
131516
147750
137960
1
138955
73511
118666
42788
132033
54100
29212
167650
193218
96652
184865
8519
139529
190844
154283
1
174902
2739
125972
173693
73171
115899
1
1
20610
69230
97871
14472
148671
40086
14498
1
95286
47888
182504
3653
35887
155898
4623
77769
78365
150043
84190
126544
129009
86553
127835
108754
155388
180356
125248
58162
129996
40760
10612
23187
163460
1025
145553
155014
94772
199621
15833
122692
148885
48009
176127
82622
190144
146821
196634
17646
1230
193440
76496
42806
88025
582
63158
57301
25442
28370
180283
161376
135687
192963
72825
106093
191441
144872
7692
26443
24485
158372
66900
150169
39504
1
86731
151986
9581
12549
60928
174547
79877
29866
78246
164875
75118
130834
90948
1
198178
85944
1118
65104
14448
64543
1
76570
50261
13027
73802
8499
33629
57002
55141
195701
36970
108549
105786
88577
118962
47898
81245
167136
160209
114813
166166
64480
102755
31508
190642
58472
2293
173819
29154
91176
157882
54115
110590
131863
183714
130521
179504
61967
160336
160658
1
17751
137617
132867
7351
38489
146130
4578
83927
187367
87389
12103
68057
84347
167195
80772
60016
78459
1
191036
169928
74190
151877
24161
66045
89318
160994
112512
142611
21544
187227
83535
1
189407
170070
163072
18236
98231
1
18318
101337
57368
150373
45839
175104
24723
7846
158227
1
162649
61307
50190
25722
176993
88605
58047
10990
1
174832
46305
74013
149780
155386
87232
30272
65596
117525
24456
164452
174629
198804
132157
41216
199267
147996
131549
102630
162422
1
28195
1
132550
47770
17396
134481
40226
153464
52151
145425
40228
140630
44763
86481
12879
86650
76547
181322
56069
52037
86907
8258
119349
153798
117410
150559
182387
174338
128469
163364
61092
1
191908
161282
133074
54742
166259
146655
8758
92030
110924
120243
187928
194877
43878
137507
91187
147726
140692
98373
30534
32706
3575
139670
110572
77721
80906
141320
168668
32184
41000
179681
166967
64533
160757
1
37757
1
159684
12233
163990
35162
113127
150959
4539
43163
152691
1
187863
41070
55363
175097
84937
127382
12571
65872
156298
38311
139376
79758
189529
176596
80781
1
148794
80030
183691
186027
31521
154096
99862
99429
37586
187405
177638
44056
9821
45818
130140
33623
138067
110854
88409
132605
78408
133946
169130
116556
178357
115517
39522
121446
45330
1
103224
140819
144117
100617
1
128034
21002
17232
193775
1
152203
133992
27421
74105
172138
48630
9118
69124
140632
98403
34125
34585
189392
139867
30282
46726
104852
138633
21881
134410
1
178811
89997
1
60227
116077
50045
193413
135658
97977
70453
182195
149500
73012
1
193028
181709
2678
167618
79790
13380
153763
85271
27405
189937
93085
17194
74178
36303
185413
55929
153249
110491
175857
170241
103090
170912
1
97582
1
23095
116603
158690
8818
55108
49504
135820
3065
135546
118961
4956
180968
22840
42558
197183
7415
59964
1
133052
31360
152059
2268
136769
66239
153009
144375
131160
78264
15271
142039
139541
17260
186802
49657
177904
46813
101483
93379
174737
188346
197313
1
85028
74511
128660
137875
99069
84166
112790
65605
66538
50331
91518
146105
87105
127465
23757
78881
1737
188537
175956
168200
77050
79838
151057
55230
129217
20023
189171
16235
54506
145107
28953
101697
171231
93676
52510
93840
139437
1
121880
87654
1
171685
338
159162
109729
83780
161858
193363
26445
96938
53158
38894
14919
30175
188017
55048
99818
105931
187662
153506
73105
171237
117734
160835
165081
68209
142918
177259
94371
173350
88123
58013
95238
181131
175500
92596
1
18658
147292
173654
106199
66125
102415
188623
139697
1
52624
131622
3043
1
22271
156946
67102
154539
30552
185244
70719
122801
77195
147767
1
89553
186662
115691
172337
88722
84081
48972
155428
103068
99788
129148
36355
101179
68123
110015
24890
62996
85209
110977
151299
182183
43072
52437
96993
112080
18292
110999
96123
84614
101902
169868
111323
138910
191554
1
1
194283
143436
134596
25083
93208
57202
126813
67743
1
49283
56020
1
66626
115477
138769
140992
41574
79896
1
1133
60675
42688
68028
172300
64916
64495
1
195025
72433
116856
28283
52340
139385
112707
43159
1
182543
167516
